# Scheme of file: every set of boards organized in 5 rows. (first board starts on row 7)
#   First row: Board number
#   Second row: Target moves (minimum moves to win at start)
#   Third row: Start (initial state of board)
#   Fourth row: Solution (moves to make from start to win)
#   Fifth row: Blank row (separator for reading clarity)
1
7
[[1, 0, 0, 0, 1], [1, 0, 1, 1, 0], [0, 1, 1, 1, 0], [1, 1, 1, 0, 0], [1, 1, 1, 0, 0]]
[[0, 0, 1, 1, 0], [1, 1, 0, 0, 0], [1, 0, 1, 0, 0], [0, 0, 0, 0, 0], [0, 1, 0, 0, 0]]

2
10
[[1, 0, 0, 0, 0], [0, 1, 1, 0, 0], [0, 1, 1, 0, 1], [1, 0, 0, 1, 0], [0, 0, 0, 0, 1]]
[[0, 1, 1, 0, 0], [0, 0, 0, 1, 0], [0, 0, 1, 1, 1], [0, 0, 1, 0, 1], [1, 1, 0, 0, 0]]

3
8
[[1, 1, 0, 1, 1], [0, 1, 1, 0, 1], [0, 0, 0, 0, 0], [1, 1, 1, 0, 1], [0, 1, 0, 0, 1]]
[[0, 1, 0, 1, 0], [0, 0, 0, 0, 0], [0, 0, 1, 1, 1], [0, 1, 0, 1, 0], [0, 0, 0, 0, 1]]

4
9
[[0, 0, 0, 1, 0], [0, 0, 1, 0, 0], [1, 0, 0, 1, 0], [0, 0, 0, 1, 0], [0, 0, 1, 1, 0]]
[[0, 0, 0, 0, 0], [0, 0, 0, 1, 0], [0, 0, 0, 1, 1], [1, 0, 1, 0, 0], [1, 0, 1, 1, 1]]

5
9
[[0, 1, 0, 0, 1], [1, 1, 1, 1, 0], [0, 1, 0, 1, 1], [1, 0, 0, 0, 0], [1, 0, 1, 0, 0]]
[[0, 1, 0, 0, 1], [1, 0, 1, 1, 0], [0, 0, 1, 1, 0], [1, 0, 1, 0, 0], [0, 0, 0, 0, 0]]

6
10
[[0, 0, 1, 0, 1], [0, 0, 1, 1, 0], [0, 0, 0, 1, 0], [0, 1, 0, 0, 0], [1, 1, 1, 1, 1]]
[[0, 0, 0, 1, 1], [0, 0, 0, 0, 1], [0, 0, 1, 1, 0], [0, 1, 0, 1, 0], [1, 0, 1, 0, 1]]

7
14
[[0, 1, 1, 0, 1], [1, 1, 0, 1, 1], [0, 0, 1, 1, 1], [0, 1, 0, 0, 1], [0, 0, 0, 1, 1]]
[[0, 0, 0, 0, 1], [0, 1, 1, 1, 0], [0, 1, 1, 1, 1], [1, 1, 1, 1, 1], [0, 1, 0, 0, 0]]

8
9
[[0, 1, 1, 0, 0], [0, 1, 1, 1, 1], [1, 1, 0, 0, 1], [0, 0, 0, 0, 1], [1, 1, 1, 0, 0]]
[[0, 0, 0, 1, 1], [0, 1, 0, 0, 0], [1, 0, 0, 0, 0], [0, 1, 0, 0, 1], [0, 1, 1, 1, 0]]

9
8
[[0, 1, 0, 0, 0], [0, 1, 1, 1, 0], [0, 0, 0, 1, 1], [1, 0, 1, 1, 0], [1, 1, 0, 1, 0]]
[[1, 1, 0, 0, 0], [0, 1, 1, 0, 0], [0, 0, 1, 0, 0], [0, 0, 0, 0, 1], [1, 0, 0, 0, 1]]

10
12
[[1, 0, 0, 1, 0], [1, 1, 1, 0, 1], [1, 0, 0, 1, 0], [1, 0, 1, 0, 1], [1, 0, 1, 0, 1]]
[[1, 0, 0, 0, 1], [0, 1, 0, 0, 1], [1, 0, 0, 1, 1], [0, 0, 1, 1, 1], [0, 1, 1, 0, 0]]
